%YAML:1.0
---
Camera: !!opencv-matrix
   rows: 3
   cols: 3
   dt: d
   data: [ 1.1118292218439017e+03, 0., 6.4295234978238466e+02, 0.,
       1.0739555113049892e+03, 4.6858381755026778e+02, 0., 0., 1. ]
