%YAML:1.0
---
Camera Count: 2
Point Count: 27
Rotations:
   - !!opencv-matrix
      rows: 3
      cols: 3
      dt: d
      data: [ 1., 0., 0., 0., 1., 0., 0., 0., 1. ]
   - !!opencv-matrix
      rows: 3
      cols: 3
      dt: d
      data: [ 8.7609352144187913e-01, -1.0148417006549179e-02,
          4.8203438810921873e-01, -4.0624010500726528e-03,
          9.9958758773640788e-01, 2.8428002761665853e-02,
          -4.8212409044277799e-01, -2.6863806051453276e-02,
          8.7569098278967894e-01 ]
Motions:
   - !!opencv-matrix
      rows: 3
      cols: 1
      dt: d
      data: [ 0., 0., 0. ]
   - !!opencv-matrix
      rows: 3
      cols: 1
      dt: d
      data: [ -9.8126870543098166e-01, -8.4436759220084985e-03,
          1.9245891010480562e-01 ]
Points:
   - [ -2.6049250364303589e-01, 8.6085200309753418e-01,
       1.7366788387298584e+00 ]
   - [ 4.1814902424812317e-01, 1.0334223508834839e+00,
       1.6076183319091797e+00 ]
   - [ -2.3576651513576508e-01, 1.1361633539199829e+00,
       1.4411735534667969e+00 ]
   - [ 1.0678952932357788e-01, 9.7166931629180908e-01,
       1.8653680086135864e+00 ]
   - [ -4.8875853419303894e-01, 3.1782644987106323e-01,
       1.5003527402877808e+00 ]
   - [ -2.8084817528724670e-01, 8.5892695188522339e-01,
       1.7302509546279907e+00 ]
   - [ -2.6642429828643799e-01, 9.5059353113174438e-01,
       1.7512246370315552e+00 ]
   - [ 8.4923870861530304e-02, 8.4848183393478394e-01,
       1.8404266834259033e+00 ]
   - [ 2.7811533212661743e-01, 9.3046718835830688e-01,
       1.9189538955688477e+00 ]
   - [ 2.0237426459789276e-01, 1.0181134939193726e+00,
       1.5448387861251831e+00 ]
   - [ -3.4953030943870544e-01, 9.8855829238891602e-01,
       1.4171888828277588e+00 ]
   - [ -3.6871671676635742e-01, 1.0028390884399414e+00,
       1.4336203336715698e+00 ]
   - [ -1.2962727248668671e-01, 8.6134469509124756e-01,
       1.7760486602783203e+00 ]
   - [ -8.2859605550765991e-01, 9.1901850700378418e-01,
       1.5818825960159302e+00 ]
   - [ 4.1882655024528503e-01, 9.8868489265441895e-01,
       1.9635238647460938e+00 ]
   - [ -6.0507748275995255e-02, 8.8279241323471069e-01,
       1.8830066919326782e+00 ]
   - [ -5.9424079954624176e-03, 9.3580383062362671e-01,
       1.8263146877288818e+00 ]
   - [ 1.2348951771855354e-02, 8.6959892511367798e-01,
       1.8247683048248291e+00 ]
   - [ 9.9374510347843170e-02, 9.0568745136260986e-01,
       1.8529245853424072e+00 ]
   - [ 4.7523903846740723e-01, 9.9147671461105347e-01,
       1.9823973178863525e+00 ]
   - [ -1.7845678329467773e-01, 8.7217766046524048e-01,
       1.7658010721206665e+00 ]
   - [ -9.0848483145236969e-02, 1.0352575778961182e+00,
       1.4727979898452759e+00 ]
   - [ 5.5028879642486572e-01, 9.8310393095016479e-01,
       2.0150592327117920e+00 ]
   - [ 4.3243527412414551e-01, 9.4718593358993530e-01,
       1.9497057199478149e+00 ]
   - [ -3.1106871366500854e-01, 8.5212510824203491e-01,
       1.7202255725860596e+00 ]
   - [ -2.9767319560050964e-02, 9.9743157625198364e-01,
       1.7639812231063843e+00 ]
   - [ 3.4812721610069275e-01, 8.8244718313217163e-01,
       1.9358997344970703e+00 ]
Colors:
   - [ 155, 166, 170 ]
   - [ 211, 220, 230 ]
   - [ 172, 183, 187 ]
   - [ 178, 186, 186 ]
   - [ 164, 181, 184 ]
   - [ 156, 167, 171 ]
   - [ 108, 112, 113 ]
   - [ 178, 190, 196 ]
   - [ 156, 160, 161 ]
   - [ 229, 238, 247 ]
   - [ 229, 236, 245 ]
   - [ 235, 242, 251 ]
   - [ 129, 139, 146 ]
   - [ 153, 157, 158 ]
   - [ 141, 153, 153 ]
   - [ 174, 195, 203 ]
   - [ 140, 151, 155 ]
   - [ 141, 163, 175 ]
   - [ 162, 166, 167 ]
   - [ 143, 153, 160 ]
   - [ 157, 163, 168 ]
   - [ 102, 105, 110 ]
   - [ 154, 163, 172 ]
   - [ 146, 157, 161 ]
   - [ 147, 163, 169 ]
   - [ 177, 188, 196 ]
   - [ 113, 124, 128 ]
