%YAML:1.0
---
Camera Count: 2
Point Count: 330
Rotations:
   - !!opencv-matrix
      rows: 3
      cols: 3
      dt: d
      data: [ 1., 0., 0., 0., 1., 0., 0., 0., 1. ]
   - !!opencv-matrix
      rows: 3
      cols: 3
      dt: d
      data: [ 9.9725925218536926e-01, -6.8729958947375880e-02,
          -2.7389353292289718e-02, 6.3577539079362200e-02,
          9.8541099656491971e-01, -1.5787040372895611e-01,
          3.7840196290320809e-02, 1.5569637308564244e-01,
          9.8707991518047145e-01 ]
Motions:
   - !!opencv-matrix
      rows: 3
      cols: 1
      dt: d
      data: [ 0., 0., 0. ]
   - !!opencv-matrix
      rows: 3
      cols: 1
      dt: d
      data: [ -3.5044725395524598e-02, 7.5914524734076572e-01,
          -6.4997720010926519e-01 ]
Points:
   - [ -4.8259884119033813e-01, 1.3636505126953125e+01,
       4.1516742706298828e+01 ]
   - [ -4.8153895139694214e-01, 1.3694506645202637e+01,
       4.1686305999755859e+01 ]
   - [ 2.2924029827117920e+00, 1.4215943813323975e+00,
       9.1012201309204102e+00 ]
   - [ 1.2842483520507813e+00, 1.2528299331665039e+01,
       3.7706794738769531e+01 ]
   - [ 2.3211669921875000e+00, 1.4405966997146606e+00,
       9.2107305526733398e+00 ]
   - [ 3.7572841644287109e+00, 6.6071424484252930e+00,
       1.8366678237915039e+01 ]
   - [ 4.0484557151794434e+00, 5.6973252296447754e+00,
       1.8063789367675781e+01 ]
   - [ 1.4368206262588501e+00, 1.2883351325988770e+01,
       3.4100990295410156e+01 ]
   - [ 4.4961271286010742e+00, 6.2997822761535645e+00,
       1.8189678192138672e+01 ]
   - [ 4.6028704643249512e+00, 6.5736136436462402e+00,
       1.5895976066589355e+01 ]
   - [ 2.5036504268646240e+00, 1.2227897644042969e+00,
       8.9929714202880859e+00 ]
   - [ 4.7145776748657227e+00, 6.2778320312500000e+00,
       1.8095602035522461e+01 ]
   - [ 4.8263130187988281e+00, 6.7273302078247070e+00,
       1.6688302993774414e+01 ]
   - [ 2.3286979198455811e+00, 7.2540956735610962e-01,
       8.8445348739624023e+00 ]
   - [ 3.6051754951477051e+00, 7.1933264732360840e+00,
       1.7328016281127930e+01 ]
   - [ 2.5454978942871094e+00, 1.2178654670715332e+00,
       9.0014896392822266e+00 ]
   - [ 2.4237391948699951e+00, 1.2268174886703491e+00,
       8.9829044342041016e+00 ]
   - [ 4.5624618530273438e+00, 6.4885382652282715e+00,
       1.8171087265014648e+01 ]
   - [ 2.4629800319671631e+00, 1.2243303060531616e+00,
       8.9934635162353516e+00 ]
   - [ 4.6690001487731934e+00, 6.3061847686767578e+00,
       1.6117113113403320e+01 ]
   - [ 2.5806543827056885e+00, 1.2208598852157593e+00,
       9.0140695571899414e+00 ]
   - [ 2.3486804962158203e+00, 7.2814416885375977e-01,
       8.8423690795898438e+00 ]
   - [ 2.9055981636047363e+00, 9.7222290933132172e-02,
       8.9884958267211914e+00 ]
   - [ 2.9106428623199463e+00, 9.7466751933097839e-02,
       9.0125150680541992e+00 ]
   - [ 1.5543960332870483e+00, 1.6472951889038086e+01,
       3.4296268463134766e+01 ]
   - [ 2.3354301452636719e+00, 1.2567200660705566e+00,
       9.0102348327636719e+00 ]
   - [ 2.3249306678771973e+00, 1.2357553243637085e+00,
       8.9610357284545898e+00 ]
   - [ 4.2912077903747559e+00, 5.7865519523620605e+00,
       1.7650674819946289e+01 ]
   - [ 5.7129459381103516e+00, 6.6692028045654297e+00,
       1.4723375320434570e+01 ]
   - [ 4.8445644378662109e+00, 6.1942310333251953e+00,
       1.6868309020996094e+01 ]
   - [ 2.6246938705444336e+00, 3.5290333628654480e-01,
       9.0441560745239258e+00 ]
   - [ 1.9961066544055939e-01, 1.5095784187316895e+01,
       4.0071018218994141e+01 ]
   - [ 2.4156630039215088e+00, 5.9987848997116089e-01,
       8.9055881500244141e+00 ]
   - [ 2.2192573547363281e+00, 1.0826869010925293e+00,
       8.9778432846069336e+00 ]
   - [ 2.3809752464294434e+00, 7.2477507591247559e-01,
       8.8433532714843750e+00 ]
   - [ 2.2546708583831787e+00, 1.1787456274032593e+00,
       9.0462741851806641e+00 ]
   - [ 4.5373344421386719e+00, 7.2179765701293945e+00,
       1.6443763732910156e+01 ]
   - [ 2.3252844810485840e+00, 1.2345105409622192e+00,
       8.9570407867431641e+00 ]
   - [ 9.9484747648239136e-01, 1.4281499862670898e+01,
       3.9244132995605469e+01 ]
   - [ 4.5063467025756836e+00, 6.7385883331298828e+00,
       1.6286437988281250e+01 ]
   - [ 3.6374735832214355e+00, 7.3255605697631836e+00,
       1.8092689514160156e+01 ]
   - [ 4.8775653839111328e+00, 6.9066467285156250e+00,
       1.4916666030883789e+01 ]
   - [ 1.1752450466156006e+00, 1.5893902778625488e+01,
       4.1945636749267578e+01 ]
   - [ 2.2399985790252686e+00, 1.1620037555694580e+00,
       8.9608802795410156e+00 ]
   - [ 1.1297758817672729e+00, 1.5263686180114746e+01,
       4.0376693725585938e+01 ]
   - [ 3.6264610290527344e+00, 7.3034768104553223e+00,
       1.8044445037841797e+01 ]
   - [ 2.8161973953247070e+00, 2.6845261454582214e-01,
       8.9616088867187500e+00 ]
   - [ 2.6279177665710449e+00, 1.1330938339233398e+00,
       8.8855266571044922e+00 ]
   - [ 2.5691297054290771e+00, 1.0199653357267380e-01,
       8.8479700088500977e+00 ]
   - [ 4.1029968261718750e+00, 6.2299118041992188e+00,
       1.9219657897949219e+01 ]
   - [ 3.9301054477691650e+00, 6.7129745483398438e+00,
       1.8532478332519531e+01 ]
   - [ 2.1663908958435059e+00, 9.3170905113220215e-01,
       8.8587198257446289e+00 ]
   - [ 2.2481362819671631e+00, 7.3897045850753784e-01,
       8.9021730422973633e+00 ]
   - [ 1.1575124263763428e+00, 1.5757874488830566e+01,
       3.6426811218261719e+01 ]
   - [ 2.5074625015258789e+00, 5.1328068971633911e-01,
       8.8633499145507813e+00 ]
   - [ 7.1263229846954346e-01, 1.3694650650024414e+01,
       4.2047519683837891e+01 ]
   - [ 9.4755458831787109e-01, 1.3864646911621094e+01,
       3.8170070648193359e+01 ]
   - [ 2.8054561614990234e+00, 2.6654884219169617e-01,
       8.9376649856567383e+00 ]
   - [ 2.4857642650604248e+00, 5.0254642963409424e-01,
       8.7901191711425781e+00 ]
   - [ 3.8569667339324951e+00, 6.8233389854431152e+00,
       1.8419454574584961e+01 ]
   - [ 4.5876760482788086e+00, 6.3383793830871582e+00,
       1.7462963104248047e+01 ]
   - [ 1.9824421405792236e+00, 1.3617237806320190e+00,
       9.1149320602416992e+00 ]
   - [ 5.6602139472961426e+00, 6.7747464179992676e+00,
       1.4629103660583496e+01 ]
   - [ 2.5893681049346924e+00, 1.4157137870788574e+00,
       9.0215377807617188e+00 ]
   - [ 2.3314006328582764e+00, 3.4636875987052917e-01,
       9.0263004302978516e+00 ]
   - [ 2.1270077228546143e+00, 1.1942100524902344e+00,
       9.0729656219482422e+00 ]
   - [ 2.3812205791473389e+00, 1.3462473154067993e+00,
       9.0413131713867188e+00 ]
   - [ 1.1648797988891602e+00, 1.5905039787292480e+01,
       4.0585784912109375e+01 ]
   - [ 1.1476063728332520e+00, 1.2625254631042480e+01,
       3.4663272857666016e+01 ]
   - [ 2.5309088230133057e+00, 2.3661990463733673e-01,
       9.0035028457641602e+00 ]
   - [ 1.7021275758743286e+00, 1.0484925508499146e+00,
       8.9305429458618164e+00 ]
   - [ 8.2570886611938477e+00, 6.5926761627197266e+00,
       1.6172903060913086e+01 ]
   - [ 2.5392723083496094e+00, 1.3882739543914795e+00,
       9.0360832214355469e+00 ]
   - [ 2.2338829040527344e+00, 1.0771034955978394e+00,
       8.9144058227539063e+00 ]
   - [ 1.4274940490722656e+00, 1.5911806106567383e+01,
       3.6010967254638672e+01 ]
   - [ 4.0908207893371582e+00, 8.4654178619384766e+00,
       1.7580694198608398e+01 ]
   - [ 2.4184076786041260e+00, 1.3728348016738892e+00,
       9.1557292938232422e+00 ]
   - [ -1.2585617065429688e+01, 1.5433800697326660e+01,
       3.6438732147216797e+01 ]
   - [ 2.6577427387237549e+00, 1.3690502643585205e+00,
       9.0251359939575195e+00 ]
   - [ 2.6515624523162842e+00, 1.2452663183212280e+00,
       8.9168376922607422e+00 ]
   - [ 4.9555578231811523e+00, 6.7261600494384766e+00,
       1.4757496833801270e+01 ]
   - [ 2.5229129791259766e+00, 7.6843714714050293e-01,
       8.8447389602661133e+00 ]
   - [ -1.2836533546447754e+01, 1.4705073356628418e+01,
       4.1231964111328125e+01 ]
